1	191499 times: 2494
2	353560 times: 2250
3	1059899 times: 1917
4	713695 times: 1754
5	655904 times: 1674
6	67897 times: 1572
7	221663 times: 1547
8	1039919 times: 1511
9	454937 times: 1387
10	81360 times: 1361
11	514725 times: 1356
12	783997 times: 1351
13	823766 times: 1343
14	107407 times: 1319
15	889095 times: 1272
16	936203 times: 1270
17	770668 times: 1257
18	698879 times: 1235
19	349999 times: 1218
20	671759 times: 1167
21	186456 times: 1162
22	315345 times: 1067
23	729259 times: 1021
24	946001 times: 1015
25	181387 times: 1002
26	926069 times: 1002
27	28895 times: 983
28	89953 times: 975
29	413046 times: 965
30	944554 times: 948
31	617878 times: 927
32	676215 times: 873
33	213297 times: 864
34	15207 times: 859
35	513855 times: 842
36	49881 times: 842
37	48664 times: 831
38	179830 times: 827
39	981145 times: 815
40	441588 times: 814
41	939915 times: 805
42	764906 times: 787
43	1025501 times: 778
44	3001 times: 765
45	147751 times: 763
46	343432 times: 758
47	141675 times: 757
48	100215 times: 745
49	722301 times: 742
50	678194 times: 732
51	526229 times: 730
52	1100222 times: 730
53	952198 times: 725
54	846908 times: 711
55	1102377 times: 708
56	605027 times: 707
57	201405 times: 704
58	758374 times: 698
59	15173 times: 698
60	335720 times: 695
61	110347 times: 693
62	950987 times: 687
63	834362 times: 687
64	399879 times: 685
65	81901 times: 676
66	487805 times: 668
67	203050 times: 659
68	173776 times: 659
69	1075577 times: 659
70	796566 times: 653
71	276750 times: 650
72	209821 times: 647
73	735931 times: 647
74	779070 times: 645
75	235204 times: 640
76	318890 times: 635
77	986262 times: 634
78	886674 times: 622
79	717309 times: 616
80	386646 times: 616
81	28186 times: 615
82	376482 times: 610
83	554408 times: 603
84	772645 times: 601
85	992011 times: 598
86	784134 times: 597
87	472166 times: 595
88	825218 times: 590
89	566407 times: 585
90	982357 times: 580
91	918348 times: 580
92	293244 times: 577
93	419724 times: 571
94	256896 times: 559
95	893999 times: 554
96	870470 times: 549
97	1042707 times: 549
98	82431 times: 548
99	1093758 times: 545
100	1112049 times: 543
