1	4044 times: 12698
2	3828 times: 11800
3	3760 times: 9255
4	1892 times: 8586
5	1 times: 8475
6	1102 times: 8384
7	4173 times: 8039
8	422 times: 7200
9	1393 times: 6709
10	4976 times: 6584
11	1535 times: 6566
12	3491 times: 6297
13	2385 times: 5938
14	4644 times: 5704
15	3734 times: 5644
16	420 times: 5344
17	798 times: 5161
18	4760 times: 5145
19	184 times: 5016
20	4918 times: 4854
21	4218 times: 4789
22	361 times: 4684
23	2403 times: 4564
24	2537 times: 4549
25	4079 times: 4474
26	2928 times: 4308
27	4282 times: 4305
28	2676 times: 4290
29	4043 times: 4219
30	1760 times: 4189
31	2823 times: 3960
32	606 times: 3922
33	1056 times: 3821
34	2138 times: 3761
35	598 times: 3761
36	2664 times: 3684
37	4659 times: 3680
38	742 times: 3671
39	3205 times: 3635
40	2954 times: 3609
41	2677 times: 3585
42	4766 times: 3533
43	121 times: 3504
44	2273 times: 3485
45	2223 times: 3473
46	3578 times: 3383
47	416 times: 3360
48	2336 times: 3340
49	1346 times: 3339
50	3698 times: 3333
51	2031 times: 3322
52	1480 times: 3243
53	1487 times: 3178
54	3663 times: 3118
55	2217 times: 3100
56	1679 times: 3095
57	2387 times: 3084
58	2173 times: 3075
59	375 times: 3067
60	4538 times: 3030
61	1272 times: 3005
62	173 times: 2997
63	4257 times: 2995
64	4170 times: 2977
65	474 times: 2968
66	2468 times: 2907
67	1257 times: 2890
68	2813 times: 2870
69	2482 times: 2862
70	1861 times: 2851
71	3826 times: 2851
72	962 times: 2773
73	586 times: 2756
74	4845 times: 2753
75	66 times: 2748
76	4048 times: 2733
77	141 times: 2667
78	4394 times: 2662
79	1618 times: 2612
80	1087 times: 2580
81	3144 times: 2579
82	1816 times: 2553
83	3729 times: 2497
84	643 times: 2491
85	2318 times: 2481
86	2565 times: 2453
87	4094 times: 2426
88	4945 times: 2412
89	1340 times: 2395
90	1833 times: 2391
91	2418 times: 2373
92	4818 times: 2365
93	4161 times: 2336
94	1113 times: 2311
95	1203 times: 2303
96	1916 times: 2290
97	3609 times: 2270
98	3183 times: 2268
99	4966 times: 2263
100	3859 times: 2261
